Colvarstrajfrequency    10000
Colvarsrestartfrequency 10000

colvar {
   name distXY

   width 0.1

   upperwall 8.0
   upperwallconstant 100.0

   distanceXY {
      main  {
         atomnumbers {159332 159335 159337 159339 159341 159344}

	 }
      ref {
atomnumbers {
5 16 35 54 64 88 105 116 135 145 160 180 199 206 222 242 258 277 294 313 332 346 363 370 380 396 406 423 433 449 463 474 481 496 510 532 539 553 573 593 607 624 644 663 673 680 691 710 720 736 750 769 779 798 819 835 842 849 863 879 890 897 907 924 943 959 971 981 1001 1012 1031 1041 1058 1069 1088 1104 1111 1135 1156 1168 1192 1208 1230 1251 1263 1282 1303 1322 1341 1357 1374 1393 1412 1423 1433 1453 1464 1474 1485 1492 1502 1516 1537 1553 1572 1593 1610 1622 1632 1651 1668 1682 1703 1717 1724 1731 1745 1764 1778 1794 1808 1817 1829 1851 1866 1880 1890 1901 1920 1940 1950 1964 1987 1999 2011 2023 2044 2063 2074 2093 2107 2121 2128 2148 2167 2179 2196 2212 2231 2238 2252 2259 2276 2295 2314 2330 2337 2356 2375 2385 2404 2423 2435 2459 2483 2497 2519 2526 2544 2556 2566 2573 2592 2609 2621 2637 2653 2669 2676 2693 2712 2731 2750 2760 2779 2786 2805 2816 2833 2840 2850 2864 2875 2882 2903 2915 2934 2950 2962 2972 2996 3008 3027 3036 3048 3072 3091 3111 3125 3146 3162 3172 3179 3203 3212 3224 3239 3255 3275 3286 3296 3303 3317 3324 3348 3372 3396 3414 3426 3442 3458 3470 3482 3501 3517 3524 3534 3548 3564 3571 3585 3595 3609 3630 3647 3666 3685 3701 3711 3730 3747}
}
      axis  ( 0.0,  0.0,  1.0 )
   }
}
